ff ff ff ff ff ff 11 22 33 44 55 66 81 00 FF FF 08 00 45 00
01 4a 31 31 00 00 80 11 00 00 00 00 00 00 ff ff
ff ff 00 44 00 43 01 36 e7 04 01 01 06 00 7e a2
14 fc 00 00 00 00 00 00 00 00 00 00 00 00 00 00
00 00 00 00 00 00 11 22 33 44 55 66 00 00 00 00
00 00 00 00 00 00 00 00 00 00 00 00 00 00 00 00
00 00 00 00 00 00 00 00 00 00 00 00 00 00 00 00
00 00 00 00 00 00 00 00 00 00 00 00 00 00 00 00
00 00 00 00 00 00 00 00 00 00 00 00 00 00 00 00
00 00 00 00 00 00 00 00 00 00 00 00 00 00 00 00
00 00 00 00 00 00 00 00 00 00 00 00 00 00 00 00
00 00 00 00 00 00 00 00 00 00 00 00 00 00 00 00
00 00 00 00 00 00 00 00 00 00 00 00 00 00 00 00
00 00 00 00 00 00 00 00 00 00 00 00 00 00 00 00
00 00 00 00 00 00 00 00 00 00 00 00 00 00 00 00
00 00 00 00 00 00 00 00 00 00 00 00 00 00 00 00
00 00 00 00 00 00 00 00 00 00 00 00 00 00 00 00
00 00 00 00 00 00 63 82 53 63 35 01 01 3d 07 01
11 22 33 44 55 66 32 04 c0 a8 00 f9 0c 0f 44 45
53 4b 54 4f 50 2d 42 55 51 41 4b 42 51 3c 08 4d
53 46 54 20 35 2e 30 37 0e 01 03 06 0f 1f 21 2b
2c 2e 2f 77 79 f9 fc ff
